.002000027740002859 -.004904144041408509
.002000084640374949 -.004808359696909494
.002000172214819130 -.004712649095275659
.002000292077664467 -.004617014569043417
.002000445951792167 -.004521458546639659
.002000635677255506 -.004425983556331661
.002000863220656285 -.004330592230216574
.002001130685345287 -.004235287308218877
.002001440322519214 -.004140071642056127
.002001794543291640 -.004044948199123702
.002002195931820379 -.003949920066237752
.002002647259578218 -.003854990453161968
.002003151500857905 -.003760162695827671
.002003711849605275 -.003665440259137797
.002004331737676019 -.003570826739223024
.002005014854611186 -.003476325864992361
.002005765169023481 -.003381941498790188
.002006586951679644 -.003287677635936818
.002007484800352658 -.003193538402889422
.002008463666499731 -.003099528053714356
.002009528883796079 -.003005650964510138
.002010686198518491 -.002911911625362518
.002011941801723751 -.002818314629349324
.002013302363102286 -.002724864658043783
.002014775066303398 -.002631566462892001
.002016367645421161 -.002538424841765401
.002018088422195339 -.002445444609915424
.002019946343315096 -.002352630564490675
.002021951017010643 -.002259987441722541
.002024112747875928 -.002167519865853543
.002026442568582004 -.002075232288885073
.002028952266816457 -.001983128920273020
.002031654405423861 -.001891213645819351
.002034562333335929 -.001799489935216357
.002037690184486089 -.001707960738021472
.002041052861529676 -.001616628368297857
.002044666000878221 -.001525494378770569
.002048545915357886 -.001434559426133777
.002052709510784996 -.001343823130102201
.002057174172993330 -.001253283929910143
.002061957622430471 -.001162938943176609
.002067077734440158 -.001072783833292174
.002072552324818586 -.000982812692620363
.002078398902188318 -.000893017949683927
.002084634391125016 -.000803390308938401
.002091274832669917 -.000713918731530597
.002098335071645649 -.000624590464435066
.002105828442762783 -.000535391123462448
.002113766469502893 -.000446304832854572
.002122158590831257 -.000357314420676142
.002131011930632205 -.000268401665281729
.002140331123210662 -.000179547584200425
.002150118205291885 -.000090732753321571
.002160372580916124 -.000001937641744504
.002171091060891639 .000086857053576603
.002182267973583650 .000175670089038174
.002193895339346635 .000264519385459463
.002205963097342002 .000353421780258138
.002218459371151114 .000442392828436347
.002231370758621991 .000531446656272070
.002244682631705245 .000620595867960413
.002258379433413562 .000709851502316620
.002272444961159021 .000799223034261840
.002286862628238274 .000888718414252513
.002301615697832181 .000978344138054518
.002316687486315455 .001068105339189856
.002332061534767019 .001158005896836533
.002347721749246530 .001248048552769596
.002363652511636927 .001338235031934157
.002379838763674786 .001428566162309015
.002396266067256968 .001519041990755376
.002412920644293889 .001609661892485522
.002429789399348618 .001700424672595979
.002446859928122530 .001791328658775765
.002464120514577717 .001882371784825134
.002481560119167617 .001973551665016099
.002499168360312721 .002064865659610230
.002516935490930424 .002156310932040962
.002534852371521722 .002247884498385581
.002552910441040594 .002339583269813229
.002571101686528613 .002431404088714359
.002589418612287844 .002523343759206188
.002607854209188252 .002615399072677515
.002626401924558786 .002707566828992373
.002645055632990840 .002799843853920991
.002663809608285474 .002892227013312508
.002682658496698166 .002984713224469855
.002701597291573815 .003077299465134977
.002720621309417442 .003169982780443529
.002739726167409954 .003262760288162856
.002758907762351440 .003355629182485970
.002778162250994783 .003448586736617327
.002797486031718561 .003541630304353343
.002816875727478914 .003634757320831696
.002836328169974294 .003727965302598035
.002855840384953951 .003821251847116665
.002875409578600024 .003914614631832555
.002895033124913623 .004008051412875493
.002914708554036883 .004101560023482927
.002934433541445404 .004195138372205817
.002954205897948385 .004288784440951333
.002974023560437009 .004382496282907324
.002993884583325079 .004476272020385840
.003013787130629362 .004570109842616550
.003033729468640610 .004664008003515410
.003053709959139591 .004757964819449261
.003073727053115764 .004851978667013189
.003093779284949358 .004946047980834097
.003113865267020581 .005040171251411225
