99
424
289
659
48
273
355
281
251
153
203
345
254
379
465
411
161
53
195
237
198
102
424
234
368
193
446
212
449
261
297
179
103
206
296
277
319
406
192
491
285
205
225
265
217
421
135
494
528
397
369
57
128
169
372
161
548
197
348
79
204
250
575
228
294
167
289
757
918
851
637
300
90
155
130
308
95
623
225
267
137
463
233
85
35
357
485
64
318
338
372
203
168
399
271
521
174
148
395
277
175
106
68
161
174
404
126
215
379
175
622
280
1157
160
390
196
371
479
24
71
196
494
158
548
195
168
273
41
139
528
156
142
186
80
74
362
265
315
169
254
202
282
1098
448
461
629
558
211
211
490
318
96
516
390
216
735
289
130
53
242
109
121
320
228
385
340
321
760
278
341
337
200
186
293
152
287
390
483
174
164
448
65
740
212
618
153
498
522
469
298
498
413
598
314
81
578
451
381
246
371
170
332
140
580
142
256
346
96
90
193
349
723
842
308
77
311
119
485
629
296
254
66
143
167
343
173
179
609
257
152
216
379
122
217
258
74
277
236
205
233
290
113
562
101
80
188
699
166
267
326
136
377
422
104
606
655
514
99
158
196
230
86
193
106
129
274
323
310
330
228
232
457
174
285
304
282
219
254
78
215
540
200
209
270
411
220
169
122
240
264
221
176
64
359
393
436
793
180
261
369
822
267
292
119
312
88
229
83
130
133
65
374
310
564
216
185
106
187
246
155
656
55
614
193
216
140
299
113
136
118
356
333
350
352
254
255
203
113
307
194
237
177
119
237
205
131
46
305
52
438
275
133
131
435
161
140
238
253
104
353
532
269
526
187
148
410
255
254
292
174
102
36
205
343
258
62
249
769
322
252
196
115
405
479
204
42
352
116
255
120
68
520
165
155
255
405
74
172
128
461
311
50
111
224
487
89
794
189
515
406
331
458
173
301
304
151
546
322
150
698
208
308
370
238
671
355
148
214
366
357
254
938
490
366
228
67
132
108
415
239
50
316
195
289
395
527
608
182
378
350
258
202
103
328
168
77
480
622
153
449
190
125
496
101
210
119
211
164
140
225
95
90
182
442
39
791
188
326
627
241
140
48
326
144
283
246
225
107
253
460
333
356
268
544
221
655
140
247
304
77
657
316
280
331
475
74
72
237
283
350
390
397
328
355
62
573
150
200
175
164
215
206
387
146
99
43
103
199
363
165
295
256
194
465
529
124
622
453
200
229
682
833
252
456
393
257
237
177
118
102
225
256
94
211
139
316
369
157
79
253
101
188
140
170
110
384
180
152
92
597
177
289
163
347
388
329
526
204
165
189
115
130
157
255
427
522
324
634
618
716
335
489
189
211
178
231
151
255
200
314
320
484
53
184
131
395
240
123
420
279
195
321
113
497
198
264
302
91
388
672
244
391
44
186
193
135
326
122
149
239
351
374
227
140
160
233
633
62
63
229
202
102
473
300
253
238
368
212
282
164
749
245
268
299
267
131
261
108
232
87
184
126
486
310
277
461
66
428
318
130
90
159
114
276
362
397
177
101
517
222
422
290
193
255
373
405
195
209
440
52
236
158
162
22
86
303
36
130
439
157
295
356
285
249
257
205
443
406
613
227
200
470
388
254
379
45
313
51
475
295
397
472
406
257
178
523
313
212
88
228
60
182
234
188
265
592
619
406
366
375
223
263
347
331
226
281
116
220
230
259
338
156
119
87
105
194
122
281
139
714
252
292
211
809
210
374
439
282
495
576
446
435
131
242
782
462
718
55
347
617
97
230
34
153
275
239
547
337
289
916
377
51
243
225
334
162
635
153
447
469
235
124
172
256
126
678
403
221
188
264
715
192
59
843
65
543
121
265
520
235
188
588
387
221
166
353
222
161
68
376
168
345
306
327
195
587
299
299
392
113
173
220
600
287
211
594
127
312
159
296
402
281
261
237
471
536
164
678
87
101
377
588
223
418
411
669
74
312
295
138
185
732
145
234
163
373
486
618
288
256
307
587
293
584
522
181
209
220
295
235
730
246
80
330
392
499
354
172
132
162
155
402
215
267
301
147
143
205
223
186
81
311
70
545
197
328
625
315
226
357
168
421
375
182
349
93
284
138
464
326
309
180
92
151
231
308
837
213
129
227
457
265
172
441
423
223
142
351
556
314
348
459
304
359
490
140
162
206
245
231
84
314
112
95
208
514
482
273
521
134
77
165
295
457
378
454
188
275
264
316
112
274
846
179
190
100
111
394
109
64
577
334
309
411
386
395
356
321
400
381
